1541660318.728795 0.0000000 0.0000000 0.0000000 0.5000000 -0.5000000 -0.5000000 -0.5000000
1541660318.762077 -0.0751303 0.1411338 -0.1499158 -0.4999976 0.5000734 0.4998359 0.5000930
1541660318.795359 0.6573715 0.0404394 0.3102261 -0.4999299 0.5000022 0.5000180 0.5000499
1541660318.828641 0.5690339 -0.0463246 -0.1983659 -0.4999169 0.5001804 0.4999864 0.4999164
1541660318.861914 0.8383547 -0.1458341 0.1344039 -0.4999598 0.4999568 0.5002072 0.4998766
1541660318.895201 -0.7165370 0.2251644 -0.1561436 0.5000452 -0.4999389 -0.5000441 -0.4999714
1541660318.928483 -0.3103606 0.4146860 0.0142111 -0.4999386 0.5000516 0.4997934 0.5002163
1541660318.995042 0.4599559 -0.0057656 -0.1302597 -0.4997209 0.5002243 0.4999088 0.5001457
1541660319.028324 0.4771273 -0.1805114 0.0964553 -0.4999756 0.4999118 0.5003165 0.4997971
1541660319.061569 -0.2067474 0.2328432 -0.1396354 -0.5000704 0.4999488 0.5001063 0.4998758
1541660319.094851 0.7077351 -0.2544227 -0.3352541 -0.4999207 0.5002051 0.4999487 0.4999257
1541660319.128133 0.6072847 -0.1958454 0.0064024 -0.5000298 0.4999874 0.5000800 0.4999041
1541660319.161415 -0.0395915 -0.1793639 -0.2172826 -0.4999569 0.5002325 0.4998974 0.4999138
1541660319.194697 0.1057287 -0.3177314 -0.0879701 -0.4999188 0.5001510 0.5000705 0.4998604
1541660319.261220 0.0971858 0.2701060 -0.2276445 -0.4997922 0.5003388 0.4996188 0.5002495
1541660319.294500 -0.0522384 0.3437415 -0.1231708 -0.5001134 0.4998967 0.5001384 0.4998546
1541660319.327782 0.4989772 -0.2724355 0.0554658 -0.4998630 0.5001238 0.5000959 0.4999178
1541660319.394346 0.8821896 0.2104651 -0.2069287 -0.4999350 0.5001369 0.4997389 0.5001886
1541660319.427628 0.1578121 0.0138316 0.1570098 -0.5000818 0.4997867 0.5004318 0.4997051
1541660319.494169 0.0551182 0.3082856 0.0470502 -0.4999649 0.5000208 0.4998978 0.5001163
1541660319.527451 -0.5031729 0.1485588 -0.1012295 -0.5000315 0.4999880 0.5000809 0.4999066
1541660319.560728 -0.4456052 -0.2146444 -0.3010105 -0.4998796 0.5001534 0.5001244 0.4998412
1541660319.594037 0.6561679 0.0224218 -0.1443274 -0.4999749 0.5001276 0.5000014 0.4998946
1541660319.627292 0.9303258 -0.0246988 0.2360963 -0.4998243 0.5001058 0.5000449 0.5000252
1541660319.660573 -0.0093666 0.1909151 -0.1766067 -0.4999824 0.5000710 0.4999939 0.4999513
1541660319.693855 0.2080816 0.3313467 -0.2432563 0.5001117 -0.5000901 -0.4998951 -0.4998984
1541660319.727137 -0.8061211 0.3219744 -0.0095806 0.5001494 -0.4998578 -0.5000948 -0.4998930
1541660319.760419 0.0402235 0.4039892 -0.4189595 0.5001053 -0.5000852 -0.4998491 -0.4999552
1541660319.793701 -0.2653252 0.3231055 0.0778206 -0.4999263 0.4999816 0.5000003 0.5000914
1541660319.826983 -0.4462503 0.0273049 -0.5253850 -0.4998212 0.5003839 0.4997407 0.5000530
1541660319.860264 0.2266008 0.1599980 -0.3263717 -0.5000108 0.5001690 0.4999166 0.4999033
1541660319.893546 0.7705967 -0.1857525 -0.3503830 -0.5000517 0.5001025 0.5001215 0.4997317
1541660319.960087 0.4878953 0.1626884 -0.1788853 -0.4998310 0.5002622 0.4997713 0.5001351
1541660319.993363 0.0979651 0.0456915 0.0456425 -0.4998812 0.5001032 0.5000934 0.4999211
1541660320.026644 -0.1627458 -0.1946559 -0.0500475 -0.4999264 0.5000825 0.5002819 0.4997174
1541660320.059911 -0.0569493 -0.0087799 0.0476931 -0.4999878 0.5000514 0.5002553 0.4997135
1541660320.093192 0.0489901 0.2341325 0.0887399 -0.4999640 0.5000443 0.4999997 0.4999903
1541660320.126474 0.8080054 -0.1060964 -0.1582414 -0.5001867 0.5000093 0.5001993 0.4996128
1541660320.159747 0.2991848 0.1537879 -0.3269571 -0.5001013 0.5001864 0.4997733 0.4999363
1541660320.193022 -0.2198634 -0.0509101 -0.2986012 -0.5001228 0.5003281 0.4997267 0.4998197
1541660320.226297 0.3214587 0.3739911 -0.1389543 0.5005653 -0.4999496 -0.4999233 -0.4995545
1541660320.259576 0.9663340 0.3779912 0.4027672 0.5004071 -0.4998790 -0.5001592 -0.4995474
1541660320.292854 2.1190176 0.9200272 1.0143608 -0.5000523 0.4999997 0.5005035 0.4994532
1541660320.326136 3.3900042 0.8456739 0.7776427 -0.4996871 0.5006482 0.5007364 0.4989341
1541660320.359409 4.9834394 1.0100026 0.4199102 -0.4993659 0.5009267 0.5005657 0.4991384
1541660320.392685 7.2400126 0.6254297 0.6609133 -0.4996947 0.5005825 0.5000784 0.4996424
1541660320.425957 7.2156172 0.0767205 1.0928085 -0.5002540 0.4996447 0.4994793 0.5006249
1541660320.459238 9.7269688 0.0606197 1.4947783 -0.5011007 0.4989278 0.4987619 0.5012064
1541660320.492520 11.8332357 -0.7940486 1.8653636 -0.5014510 0.4984494 0.4988696 0.5012241
1541660320.525800 16.0409584 -1.3960669 3.3273535 -0.5006366 0.4990131 0.4998010 0.5005480
1541660320.559073 22.4858475 -1.1698982 4.8001022 -0.4996432 0.4998261 0.5004973 0.5000308
1541660320.592364 26.0994816 -3.5237665 6.0822029 -0.4989176 0.5005080 0.5006959 0.4998813
1541660320.625635 30.4103718 -3.2648454 6.5704355 -0.4991149 0.5000854 0.5004824 0.5003127
1541660320.658916 39.0510445 -4.4536700 6.6226759 -0.4991436 0.5002489 0.5002391 0.5003637
1541660320.692186 45.0140839 -5.5466275 7.1020937 -0.4990695 0.5008273 0.5001126 0.4999927
1541660320.725465 43.4071617 -4.8372564 7.0803661 -0.4992964 0.5005858 0.5001509 0.4999701
1541660320.758730 51.9197273 -6.4279475 8.9208517 -0.4985985 0.5006857 0.5014863 0.4992365
1541660320.792012 56.5708733 -5.6103177 7.0707598 -0.4978991 0.5014518 0.5026740 0.4979725
1541660320.825292 58.1341095 -5.3740468 7.4684830 -0.4963902 0.5026019 0.5043121 0.4966670
1541660320.858573 58.0921936 -5.7910333 7.9290123 -0.4948992 0.5039183 0.5055451 0.4955650
1541660320.891847 59.4688148 -5.8648715 8.1438885 -0.4940894 0.5048173 0.5067748 0.4942027
1541660320.925123 58.4872017 -5.8476772 7.8944240 -0.4929439 0.5063218 0.5076162 0.4929365
1541660320.958405 58.2468414 -5.9644322 7.8882289 -0.4912383 0.5083442 0.5091648 0.4909499
1541660320.991685 58.2349739 -5.9272199 7.9717355 -0.4894974 0.5106335 0.5103841 0.4890508
1541660321.024951 57.9758949 -6.1985898 7.7322922 -0.4877263 0.5126633 0.5118588 0.4871594
1541660321.058232 57.8739548 -6.2223163 7.6899486 -0.4854907 0.5146170 0.5137370 0.4853531
1541660321.091507 58.1248474 -6.1687665 7.7741995 -0.4831484 0.5164198 0.5169603 0.4823347
1541660321.124788 58.0723190 -6.1039243 7.5968919 -0.4799096 0.5196885 0.5198198 0.4789625
1541660321.158054 57.4281158 -6.3228493 7.6290164 -0.4759848 0.5234753 0.5242359 0.4739344
1541660321.191336 56.3247414 -6.4938703 7.4436531 -0.4710893 0.5278330 0.5274097 0.4704538
1541660321.224618 56.3753052 -6.4993696 7.4453106 -0.4662687 0.5315704 0.5314410 0.4664849
1541660321.257899 56.4832649 -6.4918151 7.4834599 -0.4612755 0.5357765 0.5353694 0.4621326
1541660321.291180 56.4687691 -6.4922733 7.4822412 -0.4561288 0.5402426 0.5393487 0.4574055
1541660321.324462 55.3654785 -6.6109686 7.2180872 -0.4508109 0.5447190 0.5435153 0.4524184
1541660321.357738 55.3164902 -6.6032553 7.2084918 -0.4459267 0.5489514 0.5479050 0.4468068
1541660321.391011 54.6237755 -6.5574975 7.1133804 -0.4398073 0.5544960 0.5506228 0.4427519
1541660321.424289 54.6316757 -6.5472298 7.1145310 -0.4342774 0.5593643 0.5539484 0.4379557
1541660321.457567 54.4008102 -6.5456352 7.0995932 -0.4281502 0.5644311 0.5575191 0.4329701
1541660321.490849 54.4638214 -6.5490985 7.0798988 -0.4229474 0.5688091 0.5620500 0.4264344
1541660321.524131 53.8379059 -6.4045825 7.0816541 -0.4166572 0.5734225 0.5656479 0.4216864
1541660321.557410 53.8496857 -6.4011827 7.0809994 -0.4110386 0.5778402 0.5694991 0.4159581
1541660321.590692 53.4801941 -6.2877245 7.0428576 -0.4042766 0.5829110 0.5719850 0.4121375
1541660321.623973 53.5791206 -6.2958360 7.0715957 -0.3988054 0.5861956 0.5764749 0.4064750
1541660321.657258 53.5611038 -6.2925267 7.0742540 -0.3952338 0.5879875 0.5815542 0.3999992
1541660321.690536 52.8746262 -6.2466164 6.9250031 -0.3878849 0.5944884 0.5810530 0.3984394
1541660321.723797 52.9983711 -6.2776055 6.9608755 -0.3833286 0.5972862 0.5858338 0.3915399
1541660321.757073 52.9281960 -6.3293777 6.9336658 -0.3774928 0.6016992 0.5882259 0.3868801
1541660321.790361 52.9234085 -6.3328171 6.9329376 -0.3724629 0.6051773 0.5916482 0.3810609
1541660321.823643 53.0621948 -6.3397789 6.9350119 -0.3673688 0.6084582 0.5941912 0.3768078
1541660321.856918 53.0615997 -6.3397989 6.9348578 -0.3626338 0.6121474 0.5953788 0.3735664
1541660321.890200 53.0862503 -6.3393683 6.9280376 -0.3576517 0.6154862 0.5968294 0.3705774
1541660321.923481 53.2321663 -6.2824254 6.9601045 -0.3541669 0.6172872 0.5999748 0.3657871
1541660321.990041 53.2443161 -6.3916993 6.9663777 -0.3421604 0.6248645 0.6023296 0.3605669
1541660322.023324 53.2518654 -6.3844867 6.9656663 -0.3395691 0.6263425 0.6037130 0.3581237
1541660322.056600 53.2875290 -6.3876152 6.9905434 -0.3361331 0.6276988 0.6048843 0.3570036
1541660322.089880 52.9362068 -6.4278531 7.0102367 -0.3339036 0.6283670 0.6058237 0.3563201
1541660322.123162 52.9641800 -6.4105248 7.0123897 -0.3322489 0.6288759 0.6066932 0.3554832
1541660322.156442 52.9573708 -6.4150572 7.0119405 -0.3299176 0.6291955 0.6076097 0.3555163
1541660322.189726 52.9745789 -6.4044032 7.0136657 -0.3282854 0.6290327 0.6091377 0.3546918
1541660322.223006 52.9873695 -6.3955736 7.0144877 -0.3259853 0.6301776 0.6089611 0.3550786
1541660322.256279 52.9641685 -6.4125400 7.0116091 -0.3262244 0.6306863 0.6085365 0.3546835
1541660322.289555 52.9750366 -6.4042974 7.0128613 -0.3288308 0.6316956 0.6068602 0.3533456
1541660322.322802 52.9875336 -6.3945284 7.0148292 -0.3326222 0.6325845 0.6048051 0.3517136
1541660322.356084 52.9496956 -6.4182663 7.0116940 -0.3347246 0.6318702 0.6047160 0.3511541
1541660322.389365 52.9610443 -6.4120984 7.0131297 -0.3342771 0.6313622 0.6049058 0.3521681
1541660322.422634 52.9601135 -6.4131303 7.0127859 -0.3329621 0.6301980 0.6060619 0.3535146
1541660322.455914 52.9650688 -6.4087644 7.0134726 -0.3321208 0.6302270 0.6060988 0.3541890
1541660322.489196 52.9633064 -6.4108448 7.0130625 -0.3318039 0.6310078 0.6061457 0.3530131
1541660322.522478 52.9777641 -6.4020276 7.0137658 -0.3314540 0.6311805 0.6069855 0.3515814
1541660322.555758 52.9417381 -6.4252033 7.0120411 -0.3295875 0.6318543 0.6068722 0.3523148
1541660322.589040 52.9758263 -6.4033389 7.0143805 -0.3291436 0.6312937 0.6077408 0.3522379
1541660322.622297 52.9724274 -6.4052796 7.0139093 -0.3290016 0.6313013 0.6080525 0.3518176
1541660322.655578 52.9761353 -6.4036059 7.0132279 -0.3298276 0.6323565 0.6071845 0.3506483
1541660322.688859 52.9872627 -6.3951669 7.0143681 -0.3309063 0.6335041 0.6065543 0.3486455
1541660322.722141 52.9861641 -6.3963470 7.0144014 -0.3317718 0.6341372 0.6064829 0.3467875
1541660322.755422 52.9776001 -6.4022627 7.0136857 -0.3310129 0.6351132 0.6061231 0.3463564
1541660322.788695 52.9880753 -6.4015169 7.0149636 -0.3297256 0.6351486 0.6070875 0.3458254
1541660322.821977 53.0271187 -6.3700943 7.0176668 -0.3287087 0.6348723 0.6083718 0.3450377
1541660322.855258 53.0446701 -6.3589988 7.0187469 -0.3278094 0.6360089 0.6078431 0.3447332
1541660322.888540 53.0540733 -6.3532567 7.0186257 -0.3285646 0.6362284 0.6075378 0.3441459
1541660322.921822 53.0708542 -6.3420115 7.0197973 -0.3290331 0.6362399 0.6072948 0.3441064
1541660322.955104 52.7553177 -6.3996482 7.0385633 -0.3287610 0.6362567 0.6072972 0.3443308
1541660322.988382 52.7843819 -6.3885188 7.0328550 -0.3290374 0.6357276 0.6080725 0.3436737
1541660323.021637 52.8187294 -6.3899107 7.0496531 -0.3274337 0.6370703 0.6071855 0.3442844
1541660323.054929 52.8374138 -6.3861771 7.0497060 -0.3275548 0.6367934 0.6077651 0.3436565
1541660323.088197 52.8420258 -6.4051838 7.0654616 -0.3264876 0.6377029 0.6068526 0.3445928
1541660323.121479 52.8775597 -6.3719568 7.0543470 -0.3273849 0.6369657 0.6075436 0.3438858
1541660323.154734 52.8991356 -6.3801560 7.0649228 -0.3263770 0.6372666 0.6077757 0.3438744
1541660323.188006 52.9257088 -6.3688488 7.0505643 -0.3257454 0.6370794 0.6093949 0.3419360
1541660323.221286 52.9144821 -6.4344392 7.0719633 -0.3226400 0.6390265 0.6095159 0.3410331
1541660323.254567 52.9226532 -6.4296784 7.0562172 -0.3219013 0.6401782 0.6098680 0.3389348
1541660323.287849 52.9430313 -6.4202914 7.0571346 -0.3206738 0.6404955 0.6108243 0.3377689
1541660323.321131 52.9608574 -6.4150138 7.0688128 -0.3191617 0.6417625 0.6101894 0.3379435
1541660323.354413 52.7504311 -6.5362592 7.1199837 -0.3187050 0.6420549 0.6095764 0.3389217
1541660323.387695 52.7826805 -6.5316315 7.1204009 -0.3191795 0.6411750 0.6102052 0.3390134
1541660323.420975 52.8067703 -6.5236921 7.1304135 -0.3196483 0.6412521 0.6097113 0.3393145
1541660323.454254 52.8224831 -6.5276408 7.1229658 -0.3199227 0.6409324 0.6100580 0.3390366
1541660323.487536 52.8448372 -6.5428109 7.1280885 -0.3190411 0.6410747 0.6107379 0.3383704
1541660323.520817 52.8579254 -6.5236797 7.1278567 -0.3185486 0.6418158 0.6107094 0.3374795
1541660323.554099 52.8767471 -6.5279727 7.1258602 -0.3177675 0.6426860 0.6115363 0.3350475
1541660323.587369 52.8965645 -6.5186806 7.1322775 -0.3158518 0.6436768 0.6121763 0.3337825
1541660323.620651 52.9155655 -6.5460620 7.1345282 -0.3120437 0.6454783 0.6128179 0.3327031
1541660323.653931 52.9668388 -6.5324683 7.1421905 -0.3088863 0.6461382 0.6147384 0.3308036
1541660323.687212 52.9811440 -6.5270338 7.1574945 -0.3075224 0.6477182 0.6140176 0.3303273
1541660323.720495 52.9865303 -6.5239019 7.1705828 -0.3084930 0.6490889 0.6122402 0.3300340
1541660323.753777 52.9783669 -6.5440321 7.1797271 -0.3097698 0.6480752 0.6119741 0.3313295
1541660323.787059 52.6947212 -6.7201109 7.1737170 -0.3109985 0.6463682 0.6118667 0.3337221
1541660323.820335 52.7314720 -6.7244105 7.1869574 -0.3111867 0.6454718 0.6115687 0.3358276
1541660323.853608 52.7650261 -6.7020330 7.1730256 -0.3139561 0.6438819 0.6118402 0.3358150
1541660323.886878 52.7830315 -6.7009044 7.1553168 -0.3160190 0.6438461 0.6116750 0.3342380
1541660323.920146 52.8060455 -6.7280126 7.1696320 -0.3138335 0.6448081 0.6123692 0.3331654
1541660323.953428 52.8474159 -6.6835575 7.1535921 -0.3120801 0.6449222 0.6139598 0.3316494
1541660323.986710 52.8767471 -6.7013226 7.1606126 -0.3089287 0.6465368 0.6147072 0.3300658
1541660324.019991 52.8931618 -6.7041726 7.1619582 -0.3077228 0.6479595 0.6140842 0.3295648
1541660324.053257 52.9073715 -6.7197704 7.1827540 -0.3071305 0.6483351 0.6135113 0.3304427
1541660324.086547 53.0155754 -6.6826749 7.1925917 -0.3067408 0.6476952 0.6138034 0.3315186
1541660324.119819 53.1426544 -6.6294031 7.1918087 -0.3076292 0.6456788 0.6160818 0.3304009
1541660324.153101 53.2494049 -6.6183767 7.1886382 -0.3063669 0.6463851 0.6161965 0.3299768
1541660324.186381 53.3285370 -6.6213527 7.1970382 -0.3043767 0.6469870 0.6165541 0.3299661
1541660324.219665 53.4102211 -6.6673603 7.1896229 -0.2997357 0.6462823 0.6187181 0.3315203
1541660324.252946 53.0970688 -6.8187518 7.2415619 -0.2929821 0.6440979 0.6230363 0.3336865
1541660324.286238 53.2233543 -6.7955775 7.2607460 -0.2893293 0.6461559 0.6232525 0.3324910
1541660324.319520 53.3811302 -6.7574549 7.3173823 -0.2875001 0.6483982 0.6240165 0.3282614
1541660324.352802 53.2889290 -6.7835422 7.3172970 -0.2879284 0.6509009 0.6245112 0.3219317
1541660324.386084 53.3816681 -6.8125248 7.2924428 -0.2859727 0.6519424 0.6261646 0.3183206
1541660324.419366 53.5107307 -6.7831850 7.3161807 -0.2819122 0.6534915 0.6263677 0.3183559
1541660324.452637 53.6643639 -6.7570410 7.3154302 -0.2798871 0.6547971 0.6271210 0.3159662
1541660324.485919 53.7544136 -6.7463784 7.3997984 -0.2763159 0.6555441 0.6293403 0.3131139
1541660324.519199 53.9396706 -6.7092237 7.3551545 -0.2756537 0.6582729 0.6290748 0.3084971
1541660324.552481 54.0479927 -6.6988082 7.3740101 -0.2741761 0.6595788 0.6295374 0.3060712
1541660324.585748 54.1825714 -6.6716895 7.3983321 -0.2736504 0.6609232 0.6297517 0.3031880
1541660324.619030 54.5635300 -6.6975179 7.3558884 -0.2733850 0.6627559 0.6297265 0.2994624
1541660324.652298 54.6752357 -6.7418351 7.4032407 -0.2688508 0.6625070 0.6324344 0.2983849
1541660324.685571 54.7994347 -6.7285619 7.4145479 -0.2657011 0.6629398 0.6335188 0.2979343
1541660324.718842 54.9370346 -6.7277627 7.4128861 -0.2635546 0.6632957 0.6346025 0.2967324
1541660324.752086 55.0836029 -6.6362286 7.4541187 -0.2613624 0.6639002 0.6346724 0.2971640
1541660324.785356 55.4643974 -6.7212296 7.4526019 -0.2611075 0.6637321 0.6360699 0.2947515
1541660324.818638 55.5947685 -6.6744680 7.4433904 -0.2597890 0.6647479 0.6361992 0.2933451
1541660324.851919 55.6955986 -6.6540499 7.4749951 -0.2581612 0.6659228 0.6361835 0.2921501
1541660324.885201 56.1144638 -6.6902771 7.5077157 -0.2585038 0.6664011 0.6365689 0.2899024
1541660324.918471 56.1462479 -6.7240329 7.4660039 -0.2598171 0.6673681 0.6361323 0.2874500
1541660324.951741 56.2124977 -6.7333217 7.4935770 -0.2584664 0.6672875 0.6370169 0.2868909
1541660324.985022 56.2519035 -6.7270617 7.5241089 -0.2567974 0.6668578 0.6378075 0.2876299
1541660325.018304 56.2763786 -6.7287869 7.5156631 -0.2564264 0.6664569 0.6386188 0.2870870
1541660325.051585 56.3386612 -6.7007260 7.5320201 -0.2555891 0.6668984 0.6386213 0.2868018
1541660325.084867 56.3724403 -6.7116466 7.5237494 -0.2548293 0.6674309 0.6388332 0.2857636
1541660325.118149 56.7813034 -6.6913352 7.5335221 -0.2547601 0.6676135 0.6392530 0.2844537
1541660325.151432 56.7823563 -6.7022519 7.5359035 -0.2539607 0.6681659 0.6389390 0.2845755
1541660325.184713 56.7728996 -6.7023120 7.5440822 -0.2539991 0.6679757 0.6390353 0.2847722
1541660325.217996 56.7584534 -6.6764631 7.5461798 -0.2551807 0.6681646 0.6381936 0.2851602
1541660325.251277 56.7480850 -6.6846800 7.5530081 -0.2567577 0.6680335 0.6377186 0.2851149
1541660325.284575 56.7195625 -6.7074990 7.5630045 -0.2573705 0.6674717 0.6376903 0.2859439
1541660325.317841 56.7148781 -6.6877818 7.5435266 -0.2582745 0.6671632 0.6375145 0.2862423
1541660325.351123 56.7267456 -6.6941414 7.5414152 -0.2579877 0.6670324 0.6378630 0.2860287
1541660325.384391 56.7178917 -6.6983566 7.5218868 -0.2581139 0.6672091 0.6379252 0.2853619
1541660325.417673 56.7460823 -6.6797624 7.5464506 -0.2571076 0.6675403 0.6383222 0.2846041
1541660325.450983 56.7708130 -6.6898785 7.5429292 -0.2562786 0.6682452 0.6380313 0.2843494
1541660325.484265 56.7795906 -6.6903791 7.5461421 -0.2557363 0.6681861 0.6383298 0.2843060
1541660325.517547 56.8186760 -6.6856756 7.5512676 -0.2553205 0.6678319 0.6388870 0.2842599
1541660325.584082 56.8687820 -6.6738691 7.5197887 -0.2549715 0.6684423 0.6393195 0.2821539
1541660325.617346 56.9005203 -6.6682358 7.5147419 -0.2542390 0.6691351 0.6391618 0.2815290
1541660325.650620 56.9494820 -6.6985011 7.5869927 -0.2515950 0.6683972 0.6409208 0.2816521
1541660325.683902 56.9286919 -6.6990809 7.5745120 -0.2523469 0.6690118 0.6399615 0.2817021
1541660325.750466 56.9432564 -6.6926165 7.6099062 -0.2515600 0.6693660 0.6398251 0.2818730
1541660325.783733 56.9948616 -6.6540947 7.5774693 -0.2516029 0.6698380 0.6394116 0.2816520
1541660325.817014 57.0553284 -6.6166720 7.6018872 -0.2512008 0.6693466 0.6395671 0.2828261
1541660325.850283 57.5457268 -6.6577115 7.6137290 -0.2514302 0.6702914 0.6390857 0.2814715
1541660325.883535 57.5792084 -6.6992898 7.5815477 -0.2531565 0.6699261 0.6387665 0.2815192
1541660325.916805 57.6122360 -6.6911349 7.5805550 -0.2544301 0.6693215 0.6382058 0.2830814
1541660325.950084 57.6864357 -6.6604872 7.5860114 -0.2563895 0.6683656 0.6374889 0.2851877
1541660325.983366 57.7093239 -6.6195054 7.5905213 -0.2589232 0.6673905 0.6365415 0.2872980
1541660326.016648 58.2361679 -6.6768727 7.5804543 -0.2599422 0.6670739 0.6370559 0.2859644
1541660326.049926 58.1391640 -6.6000590 7.6279173 -0.2629458 0.6652144 0.6354014 0.2911999
1541660326.083207 58.2081184 -6.5951047 7.6346297 -0.2650909 0.6642903 0.6345764 0.2931639
1541660326.116488 58.2837868 -6.5681777 7.6574707 -0.2675782 0.6633901 0.6335770 0.2951041
1541660326.149768 58.3318367 -6.6164794 7.6581182 -0.2711162 0.6627948 0.6316658 0.2972992
1541660326.183049 58.8822670 -6.5638309 7.6972690 -0.2743031 0.6613656 0.6304924 0.3000494
1541660326.216331 58.9506836 -6.5447345 7.7053070 -0.2778243 0.6597962 0.6288505 0.3037003
1541660326.249598 58.9986839 -6.5676894 7.7299252 -0.2823734 0.6573499 0.6275689 0.3074682
1541660326.282875 59.1093254 -6.5191960 7.7452478 -0.2862391 0.6554952 0.6262369 0.3105721
1541660326.316147 59.5279427 -6.5919018 7.8028946 -0.2898261 0.6546763 0.6237740 0.3139054
1541660326.349418 59.6032944 -6.6055150 7.8161626 -0.2944773 0.6522123 0.6219695 0.3182838
1541660326.382700 59.6075897 -6.6493626 7.8629041 -0.2988754 0.6493693 0.6197114 0.3243763
1541660326.415969 59.6310654 -6.6452780 7.8670702 -0.3053562 0.6463555 0.6167461 0.3299889
1541660326.449250 59.8398514 -6.6073608 7.8684721 -0.3119699 0.6428249 0.6144122 0.3350624
1541660326.482532 60.1731415 -6.7717376 8.0180435 -0.3157090 0.6400211 0.6111333 0.3428412
1541660326.515814 60.2050095 -6.7424736 8.0695791 -0.3222931 0.6364066 0.6070654 0.3506050
1541660326.549085 60.2918930 -6.7761760 8.1372995 -0.3280978 0.6333056 0.6025546 0.3585218
1541660326.582367 60.3707428 -6.7145529 8.0932302 -0.3373102 0.6273446 0.6005111 0.3639748
1541660326.615649 60.2253189 -6.9074888 8.2461910 -0.3417445 0.6247098 0.5933647 0.3757579
1541660326.648941 60.6871414 -6.8927031 8.3280535 -0.3504511 0.6188366 0.5895954 0.3834241
1541660326.682212 60.7502556 -6.7540669 8.2813911 -0.3609032 0.6135649 0.5829156 0.3923113
1541660326.715494 60.9586029 -6.5924425 8.3751535 -0.3711757 0.6064287 0.5771115 0.4023973
1541660326.748774 60.8855782 -6.5796990 8.3305216 -0.3810369 0.6013162 0.5693285 0.4117819
1541660326.782055 60.9604149 -6.5554919 8.3286381 -0.3906501 0.5953586 0.5619672 0.4214300
1541660326.815337 61.0032806 -6.4613180 8.2007370 -0.4036076 0.5875727 0.5544878 0.4300364
1541660326.848619 61.0172462 -6.4320273 8.0811434 -0.4163550 0.5805462 0.5455553 0.4387278
1541660326.881890 61.3877258 -6.4014115 8.1651001 -0.4283722 0.5706357 0.5402237 0.4469891
1541660326.915163 61.1726608 -6.3549805 7.9788589 -0.4398847 0.5671881 0.5254674 0.4571625
1541660326.948440 61.2770233 -6.3886576 7.9580917 -0.4505646 0.5605380 0.5153774 0.4662312
1541660326.981722 61.3288536 -6.2793827 7.9191394 -0.4658552 0.5485822 0.5040958 0.4777356
1541660327.014991 61.5606232 -6.1764126 8.0410414 -0.4777633 0.5361209 0.4948835 0.4899264
1541660327.048265 61.6216354 -6.1155381 8.0235949 -0.4931362 0.5228062 0.4878973 0.4965721
1541660327.081547 61.7465324 -6.0936751 8.0827112 -0.5038307 0.5091273 0.4800776 0.5043502
1541660327.114818 61.8331680 -5.9806352 8.0900078 -0.5142327 0.4985730 0.4705912 0.5133431
1541660327.148097 61.8399353 -5.9117899 8.0775976 -0.5241422 0.4887787 0.4624080 0.5200918
1541660327.181364 62.0006828 -5.6618867 7.9504976 -0.5320425 0.4829946 0.4503025 0.5281416
1541660327.214661 62.0871811 -5.5799136 7.9896784 -0.5403800 0.4721425 0.4439032 0.5348989
1541660327.247927 62.2795563 -5.6259060 8.0239220 -0.5480000 0.4632869 0.4374665 0.5401690
1541660327.281207 62.5039864 -5.3146853 7.9401908 -0.5575227 0.4536924 0.4257463 0.5479214
1541660327.314487 62.5877838 -5.2658548 7.9865112 -0.5647611 0.4444360 0.4195561 0.5528509
1541660327.347765 62.6307831 -5.1719337 7.9909377 -0.5717674 0.4354940 0.4113968 0.5589320
1541660327.381047 62.9374161 -4.9496126 7.9787951 -0.5783056 0.4268001 0.4040328 0.5643079
1541660327.414326 62.9805984 -4.8746419 7.9857678 -0.5838687 0.4191971 0.3980149 0.5685734
1541660327.447602 63.0531540 -4.8596420 8.0266457 -0.5894543 0.4115861 0.3944352 0.5708310
1541660327.480881 63.3485031 -4.5905695 8.0081987 -0.5956288 0.4043713 0.3892306 0.5731135
1541660327.514163 63.4106827 -4.5297685 8.0318651 -0.6008016 0.3980316 0.3848801 0.5750725
1541660327.547448 63.4812851 -4.4879112 8.0107327 -0.6053747 0.3930290 0.3789458 0.5776657
1541660327.580727 63.7476807 -4.2943068 7.9658599 -0.6079811 0.3894814 0.3726078 0.5815058
1541660327.614012 63.7796364 -4.2787433 7.9838576 -0.6111518 0.3842765 0.3689277 0.5840159
1541660327.647293 63.8330383 -4.2663021 7.9810629 -0.6132707 0.3791401 0.3641554 0.5882185
1541660327.680572 64.1276855 -4.0533242 7.9275503 -0.6163314 0.3733133 0.3588335 0.5920683
1541660327.713854 64.1256180 -4.0633855 7.8644896 -0.6176556 0.3690745 0.3542486 0.5961735
1541660327.747136 64.1925049 -4.1591063 7.8368473 -0.6202083 0.3634057 0.3491905 0.6000423
1541660327.780421 64.3136520 -4.1703243 7.7927904 -0.6248368 0.3560099 0.3403133 0.6048154
1541660327.813728 64.6884842 -3.8551922 7.7244167 -0.6338463 0.3444656 0.3286576 0.6084913
1541660327.847012 64.7546005 -3.8565741 7.7198286 -0.6396286 0.3355974 0.3184853 0.6128218
1541660327.880291 64.7002029 -3.8766265 7.6638584 -0.6440022 0.3292515 0.3078159 0.6171636
1541660327.913573 64.9705658 -3.7341976 7.6068473 -0.6499535 0.3203365 0.2968262 0.6210037
1541660327.946857 64.9502640 -3.7108397 7.5383430 -0.6537852 0.3132544 0.2851105 0.6261288
1541660327.980139 64.9843445 -3.7172680 7.6075635 -0.6626935 0.2989419 0.2755227 0.6279530
1541660328.013419 65.2400513 -3.4601974 7.6750460 -0.6711475 0.2820003 0.2642422 0.6316064
1541660328.046682 65.2798233 -3.4573874 7.6394234 -0.6769077 0.2690739 0.2510855 0.6365097
1541660328.079964 65.2889252 -3.3959959 7.6207705 -0.6823723 0.2548438 0.2378337 0.6416766
1541660328.113243 65.4368210 -3.3622484 7.6473818 -0.6888017 0.2409777 0.2274293 0.6439238
1541660328.146524 65.4457016 -3.3731303 7.6683679 -0.6937165 0.2283175 0.2173622 0.6467621
1541660328.179806 65.4515762 -3.3742609 7.6589899 -0.6966841 0.2166419 0.2062361 0.6513017
1541660328.213086 65.4475937 -3.3643577 7.6694674 -0.7012311 0.2041899 0.1968198 0.6533761
1541660328.246367 65.4889526 -3.2571943 7.6643066 -0.7048504 0.1926156 0.1862001 0.6561463
1541660328.279643 65.5041351 -3.2803974 7.6666384 -0.7079203 0.1823041 0.1761019 0.6586106
1541660328.312908 65.5122833 -3.3177125 7.6672120 -0.7111481 0.1735467 0.1677476 0.6596981
1541660328.346135 65.5252228 -3.2769768 7.6712418 -0.7152465 0.1633853 0.1595103 0.6599118
1541660328.379417 65.5474930 -3.1877735 7.6523495 -0.7155002 0.1562199 0.1498527 0.6636819
1541660328.412699 65.5747375 -3.2750044 7.6606731 -0.7179242 0.1494648 0.1436436 0.6640067
1541660328.445980 65.5592957 -3.1670194 7.6545529 -0.7207023 0.1390836 0.1354142 0.6650065
1541660328.479262 65.5597153 -3.1652453 7.6557927 -0.7223908 0.1324491 0.1297124 0.6656849
1541660328.512544 65.5581055 -3.1705756 7.6551452 -0.7242855 0.1261283 0.1245288 0.6658587
1541660328.545798 65.5711975 -3.1396132 7.6461158 -0.7249084 0.1204508 0.1188296 0.6672969
1541660328.579108 65.6010895 -3.1527035 7.6585150 -0.7271351 0.1137140 0.1138027 0.6669444
1541660328.612390 65.6486053 -3.2602108 7.6830931 -0.7268889 0.1091709 0.1103215 0.6685773
1541660328.645689 65.5898972 -3.1799259 7.6711073 -0.7267004 0.1049965 0.1066937 0.6700577
1541660328.678971 65.5643463 -3.1525114 7.6696777 -0.7276593 0.1017829 0.1035382 0.6700164
1541660328.712253 65.5631561 -3.1257589 7.6521330 -0.7284151 0.0991042 0.1005416 0.6700609
1541660328.745489 65.5967102 -3.1510057 7.6684828 -0.7295846 0.0959406 0.0977049 0.6696756
1541660328.778771 65.5970993 -3.1601131 7.6753726 -0.7294066 0.0930779 0.0951927 0.6706467
1541660328.812053 65.5979156 -3.1454475 7.6761312 -0.7303092 0.0901327 0.0928008 0.6704091
1541660328.845360 65.5977936 -3.1457541 7.6761322 -0.7304366 0.0877726 0.0904496 0.6709131
1541660328.878613 65.5976639 -3.1487930 7.6762285 -0.7312032 0.0857835 0.0888314 0.6705560
1541660328.911895 65.5998993 -3.1246269 7.6778646 -0.7313646 0.0853558 0.0884456 0.6704867
1541660328.945170 65.5994797 -3.1313760 7.6777124 -0.7316013 0.0855492 0.0888276 0.6701522
1541660328.978452 65.5975266 -3.1469646 7.6766181 -0.7308140 0.0863872 0.0899872 0.6707464
1541660329.011720 65.5986633 -3.1398640 7.6771965 -0.7310912 0.0865662 0.0901144 0.6704031
1541660329.044996 65.5980759 -3.1428401 7.6766024 -0.7312090 0.0870896 0.0901050 0.6702062
1541660329.078274 65.5979080 -3.1468365 7.6762228 -0.7311403 0.0864879 0.0894382 0.6704507
1541660329.111556 65.5989914 -3.1318278 7.6776571 -0.7313989 0.0862246 0.0896924 0.6701689
1541660329.144832 65.5995483 -3.1328514 7.6772308 -0.7312218 0.0862855 0.0894737 0.6703837
1541660329.178114 65.5991516 -3.1316280 7.6774335 -0.7315089 0.0865470 0.0896547 0.6700111
1541660329.211402 65.5998611 -3.1301446 7.6773129 -0.7310383 0.0868791 0.0895093 0.6705008
1541660329.244683 65.5988464 -3.1346326 7.6770558 -0.7313720 0.0870992 0.0901020 0.6700273
1541660329.277935 65.5988541 -3.1379552 7.6769528 -0.7312649 0.0868561 0.0898629 0.6702089
1541660329.311213 65.5985565 -3.1395509 7.6766906 -0.7310209 0.0870329 0.0899034 0.6704464
1541660329.344477 65.5988693 -3.1359086 7.6767406 -0.7312024 0.0872445 0.0897617 0.6702391
1541660329.377753 65.5990295 -3.1350107 7.6765943 -0.7311589 0.0872332 0.0896473 0.6703036
1541660329.411031 65.5988007 -3.1352053 7.6765933 -0.7310982 0.0873698 0.0898966 0.6703182
1541660329.444312 65.6078644 -3.1318917 7.6765585 -0.7313027 0.0873237 0.0899757 0.6700903
1541660329.477594 65.6080017 -3.1317601 7.6765165 -0.7312121 0.0871856 0.0898568 0.6702237
1541660329.510880 65.6080856 -3.1317973 7.6765738 -0.7311271 0.0872679 0.0899693 0.6702904
1541660329.544150 65.6080627 -3.1311960 7.6762915 -0.7309191 0.0876258 0.0899338 0.6704745
1541660329.577444 65.6079483 -3.1316819 7.6765733 -0.7310980 0.0874398 0.0899973 0.6702954
1541660329.610714 65.6084290 -3.1306643 7.6765132 -0.7315133 0.0871627 0.0898481 0.6698985
1541660329.643995 65.6079865 -3.1315401 7.6765437 -0.7310770 0.0874038 0.0901213 0.6703063
1541660329.677274 65.6080933 -3.1298885 7.6763115 -0.7314535 0.0872375 0.0901140 0.6699180
1541660329.710554 65.6080093 -3.1333008 7.6764154 -0.7312635 0.0873406 0.0899906 0.6701285
1541660329.743831 65.6080246 -3.1319878 7.6762209 -0.7312455 0.0876515 0.0899522 0.6701119
1541660329.777113 65.6079483 -3.1316838 7.6763186 -0.7311269 0.0877379 0.0900640 0.6702148
1541660329.810395 65.6079865 -3.1314387 7.6764131 -0.7311696 0.0876273 0.0901398 0.6701729
1541660329.843676 65.6080170 -3.1311257 7.6763062 -0.7310437 0.0877026 0.0900962 0.6703061
1541660329.876958 65.6064758 -3.1400619 7.6779094 -0.7310664 0.0876931 0.0902061 0.6702677
1541660329.910210 65.6080856 -3.1322703 7.6766109 -0.7311877 0.0875972 0.0899285 0.6701855
1541660329.943492 65.6077652 -3.1304178 7.6754851 -0.7308975 0.0877902 0.0900151 0.6704649
1541660329.976755 65.6082306 -3.1327291 7.6767755 -0.7309392 0.0876405 0.0901577 0.6704201
1541660330.010033 65.6083832 -3.1307080 7.6763215 -0.7312308 0.0876851 0.0900675 0.6701079
1541660330.043307 65.6080551 -3.1289258 7.6757131 -0.7310468 0.0877113 0.0901046 0.6703003
1541660330.076586 65.6080933 -3.1286592 7.6757436 -0.7309888 0.0878007 0.0901784 0.6703418
1541660330.109863 65.6081467 -3.1322241 7.6764736 -0.7310603 0.0877960 0.0900747 0.6702783
1541660330.143142 65.6080017 -3.1291108 7.6757288 -0.7310709 0.0879030 0.0901590 0.6702410
1541660330.176423 65.6082001 -3.1311169 7.6764283 -0.7313455 0.0876040 0.0901282 0.6699851
1541660330.209705 65.6078644 -3.1323102 7.6766200 -0.7311776 0.0876516 0.0902669 0.6701435
1541660330.242986 65.6079025 -3.1325817 7.6768460 -0.7310794 0.0878023 0.0903056 0.6702255
1541660330.276268 65.6085587 -3.1297038 7.6760645 -0.7309698 0.0873779 0.0901179 0.6704273
1541660330.309550 65.6081238 -3.1310647 7.6763811 -0.7312501 0.0876417 0.0901655 0.6700796
1541660330.342815 65.6083298 -3.1309109 7.6763391 -0.7311239 0.0874826 0.0899643 0.6702658
1541660330.376114 65.6082382 -3.1321487 7.6765900 -0.7311599 0.0875048 0.0900326 0.6702144
1541660330.409366 65.6080322 -3.1326547 7.6765985 -0.7308227 0.0876723 0.0901090 0.6705498
1541660330.442643 65.6082382 -3.1322076 7.6768556 -0.7310305 0.0876304 0.0902465 0.6703100
1541660330.475925 65.6082306 -3.1310081 7.6764479 -0.7313803 0.0875724 0.0901722 0.6699456
1541660330.509201 65.6078262 -3.1340592 7.6772885 -0.7309849 0.0875825 0.0903174 0.6703568
1541660330.542483 65.6081543 -3.1310978 7.6763334 -0.7313911 0.0876461 0.0900845 0.6699359
1541660330.575765 65.6082764 -3.1314070 7.6764741 -0.7309559 0.0875835 0.0901167 0.6704155
1541660330.609042 65.6078033 -3.1322272 7.6764026 -0.7308856 0.0877996 0.0901174 0.6704632
1541660330.642323 65.6079712 -3.1317019 7.6763716 -0.7305821 0.0878354 0.0902906 0.6707662
1541660330.675603 65.6083069 -3.1315188 7.6765585 -0.7309402 0.0875588 0.0902303 0.6704205
1541660330.708885 65.6081696 -3.1316979 7.6765513 -0.7310917 0.0877785 0.0902453 0.6702237
1541660330.742155 65.6080856 -3.1315813 7.6765022 -0.7309743 0.0876765 0.0902665 0.6703627
1541660330.775427 65.6081085 -3.1270540 7.6753235 -0.7309081 0.0878821 0.0902778 0.6704059
1541660330.808719 65.6079483 -3.1310811 7.6763353 -0.7306673 0.0880024 0.0904251 0.6706326
1541660330.841990 65.6086044 -3.1284761 7.6758518 -0.7310479 0.0877334 0.0901768 0.6702867
1541660330.875272 65.6084213 -3.1286228 7.6757483 -0.7309562 0.0877821 0.0900797 0.6703934
1541660330.908548 65.6079788 -3.1312675 7.6764898 -0.7310603 0.0876335 0.0902122 0.6702817
1541660330.941835 65.6085205 -3.1305027 7.6764317 -0.7309087 0.0875331 0.0901511 0.6704689
1541660330.975117 65.6080475 -3.1318994 7.6764679 -0.7309451 0.0877740 0.0901931 0.6703913
1541660331.008399 65.6082916 -3.1307542 7.6765614 -0.7312502 0.0875391 0.0902927 0.6700759
1541660331.041675 65.6080704 -3.1311531 7.6765313 -0.7308199 0.0875675 0.0903292 0.6705371
1541660331.074945 65.6080399 -3.1319535 7.6766067 -0.7310604 0.0878200 0.0903882 0.6702328
1541660331.108213 65.6082611 -3.1316023 7.6765141 -0.7309771 0.0877258 0.0902128 0.6703600
1541660331.141495 65.6082916 -3.1314747 7.6765509 -0.7309508 0.0876661 0.0902333 0.6703940
1541660331.174775 65.6081161 -3.1317854 7.6765218 -0.7308524 0.0877703 0.0903322 0.6704741
1541660331.208043 65.6079178 -3.1312721 7.6762934 -0.7310284 0.0878548 0.0901131 0.6703003
1541660331.241314 65.6083069 -3.1285436 7.6757927 -0.7313144 0.0875943 0.0901371 0.6700193
1541660331.274595 65.6080933 -3.1315067 7.6765389 -0.7312044 0.0876930 0.0902497 0.6701112
1541660331.307858 65.6083374 -3.1311276 7.6765552 -0.7311254 0.0876469 0.0902579 0.6702025
1541660331.341140 65.6078339 -3.1328654 7.6768322 -0.7310678 0.0877540 0.0902163 0.6702568
1541660331.374422 65.6080780 -3.1325169 7.6764507 -0.7312203 0.0878464 0.0900979 0.6700938
1541660331.407704 65.6117096 -3.1065805 7.6702876 -0.7315377 0.0875008 0.0896926 0.6698476
1541660331.440985 65.6083679 -3.1312017 7.6764617 -0.7310989 0.0876519 0.0900502 0.6702589
1541660331.474266 65.6082535 -3.1311469 7.6764932 -0.7310303 0.0876849 0.0902041 0.6703085
1541660331.507548 65.6082153 -3.1312847 7.6764593 -0.7310966 0.0877088 0.0901766 0.6702367
1541660331.540829 65.6082306 -3.1312008 7.6764355 -0.7312283 0.0878333 0.0901672 0.6700774
1541660331.574111 65.6081161 -3.1314034 7.6764703 -0.7309273 0.0878297 0.0902260 0.6703988
1541660331.607394 65.6082077 -3.1309879 7.6764221 -0.7310076 0.0876682 0.0901433 0.6703438
1541660331.640675 65.6082230 -3.1282246 7.6758122 -0.7311899 0.0875895 0.0902446 0.6701416
1541660331.673957 65.6080933 -3.1309972 7.6763277 -0.7309080 0.0877918 0.0901436 0.6704360
1541660331.707239 65.6081161 -3.1311295 7.6764030 -0.7311116 0.0877331 0.0901410 0.6702218
1541660331.740520 65.6082687 -3.1310015 7.6763148 -0.7310068 0.0878612 0.0900878 0.6703262
1541660331.773797 65.6082306 -3.1313560 7.6764636 -0.7311583 0.0877535 0.0901744 0.6701634
1541660331.807084 65.6079865 -3.1318302 7.6766081 -0.7312437 0.0877133 0.0903201 0.6700557
1541660331.840360 65.6080551 -3.1281486 7.6756372 -0.7310036 0.0877807 0.0902064 0.6703243
1541660331.873640 65.6080627 -3.1317444 7.6765347 -0.7312629 0.0877758 0.0902783 0.6700319
1541660331.906915 65.6082306 -3.1312213 7.6764688 -0.7310570 0.0877199 0.0902079 0.6702741
1541660331.940201 65.6081390 -3.1309462 7.6763902 -0.7310951 0.0877766 0.0902135 0.6702241
1541660331.973468 65.6083527 -3.1307764 7.6763453 -0.7310903 0.0878237 0.0900848 0.6702403
1541660332.006765 65.6081619 -3.1315494 7.6765084 -0.7311326 0.0877583 0.0902228 0.6701843
1541660332.040046 65.6080246 -3.1311944 7.6764441 -0.7312480 0.0876705 0.0900992 0.6700865
1541660332.073313 65.6080704 -3.1321464 7.6766791 -0.7311629 0.0876483 0.0901766 0.6701720
1541660332.106589 65.6081238 -3.1318128 7.6767464 -0.7312481 0.0875585 0.0902461 0.6700816
1541660332.139865 65.6081924 -3.1314006 7.6763082 -0.7307525 0.0878301 0.0900788 0.6706089
1541660332.173120 65.6078033 -3.1316051 7.6763325 -0.7309191 0.0877797 0.0901272 0.6704274
1541660332.206402 65.6079407 -3.1327364 7.6767364 -0.7309526 0.0878330 0.0900594 0.6703927
1541660332.239678 65.6079941 -3.1281450 7.6755309 -0.7310574 0.0876350 0.0898943 0.6703269
1541660332.272955 65.6078186 -3.1330130 7.6767669 -0.7312852 0.0874481 0.0897257 0.6701257
1541660332.306237 65.6079712 -3.1319673 7.6763382 -0.7309622 0.0877921 0.0900081 0.6703944
1541660332.339519 65.6081848 -3.1310973 7.6765370 -0.7310633 0.0877469 0.0903273 0.6702470
1541660332.372788 65.6080780 -3.1311255 7.6767163 -0.7312615 0.0877304 0.0905270 0.6700055
1541660332.406070 65.6082993 -3.1319015 7.6763372 -0.7311744 0.0875764 0.0901644 0.6701704
1541660332.439349 65.6078796 -3.1326897 7.6761498 -0.7310570 0.0876110 0.0900368 0.6703113
1541660332.472623 65.6079865 -3.1314731 7.6765342 -0.7315761 0.0871676 0.0898177 0.6698324
1541660332.505889 65.6078186 -3.1319313 7.6764398 -0.7314262 0.0873583 0.0898056 0.6699725
1541660332.539171 65.6076050 -3.1327279 7.6759410 -0.7310242 0.0877736 0.0897537 0.6703631
1541660332.572453 65.6078873 -3.1331205 7.6765814 -0.7310439 0.0875404 0.0898084 0.6703655
1541660332.605759 65.6076126 -3.1333680 7.6766658 -0.7312406 0.0875132 0.0896005 0.6701821
1541660332.639016 65.6076508 -3.1333106 7.6766329 -0.7312222 0.0875078 0.0895262 0.6702128
1541660332.672322 65.6075974 -3.1319137 7.6762161 -0.7312483 0.0877463 0.0898746 0.6701056
1541660332.705580 65.6076813 -3.1311634 7.6762362 -0.7311707 0.0876665 0.0900264 0.6701808
1541660332.738862 65.6078033 -3.1318784 7.6762962 -0.7310575 0.0876183 0.0901360 0.6702961
1541660332.772133 65.6077271 -3.1323330 7.6763721 -0.7309807 0.0878634 0.0900764 0.6703551
1541660332.805415 65.6073303 -3.1322923 7.6759725 -0.7310145 0.0877907 0.0901202 0.6703220
1541660332.838695 65.6077576 -3.1311390 7.6763902 -0.7312704 0.0877044 0.0899997 0.6700701
1541660332.871977 65.6078415 -3.1319330 7.6760855 -0.7306602 0.0881100 0.0899452 0.6706892
1541660332.905251 65.6077652 -3.1339133 7.6765695 -0.7308967 0.0881281 0.0898762 0.6704379
1541660332.938533 65.6075211 -3.1322246 7.6763382 -0.7311981 0.0879530 0.0901779 0.6700915
1541660332.971815 65.6075211 -3.1325853 7.6760902 -0.7310641 0.0877268 0.0900443 0.6702864
1541660333.005097 65.6080551 -3.1314633 7.6763763 -0.7313491 0.0878273 0.0900677 0.6699583
1541660333.038362 65.6075134 -3.1320915 7.6761017 -0.7311401 0.0877331 0.0902768 0.6701711
1541660333.071660 65.6083145 -3.1283841 7.6756883 -0.7310315 0.0877087 0.0900715 0.6703208
1541660333.104926 65.6082153 -3.1312501 7.6763024 -0.7311617 0.0877982 0.0900375 0.6701712
1541660333.138192 65.6080856 -3.1312089 7.6763597 -0.7311995 0.0878139 0.0900936 0.6701201
1541660333.171474 65.6080780 -3.1315458 7.6762948 -0.7310738 0.0877908 0.0899594 0.6702787
1541660333.204755 65.6079788 -3.1314638 7.6762466 -0.7310436 0.0879080 0.0900685 0.6702812
1541660333.238014 65.6078796 -3.1325085 7.6766396 -0.7312791 0.0878514 0.0899932 0.6700416
1541660333.271296 65.6079941 -3.1315000 7.6763244 -0.7311371 0.0878836 0.0900720 0.6701819
1541660333.304578 65.6080093 -3.1294589 7.6757202 -0.7309906 0.0880337 0.0900996 0.6703180
1541660333.337860 65.6085739 -3.1283562 7.6757517 -0.7312311 0.0878437 0.0901038 0.6700802
1541660333.371141 65.6081848 -3.1312716 7.6764855 -0.7312702 0.0876962 0.0902346 0.6700396
1541660333.404415 65.6082001 -3.1316829 7.6764045 -0.7312862 0.0878367 0.0900512 0.6700279
1541660333.437696 65.6085815 -3.1270957 7.6754732 -0.7313107 0.0877270 0.0900229 0.6700198
1541660333.470978 65.6076813 -3.1331341 7.6766982 -0.7311173 0.0879651 0.0900202 0.6701995
1541660333.504265 65.6079712 -3.1318064 7.6763277 -0.7310805 0.0879307 0.0900657 0.6702381
1541660333.537547 65.6080322 -3.1313555 7.6763625 -0.7312342 0.0877976 0.0901517 0.6700765
1541660333.570824 65.6078186 -3.1328266 7.6767063 -0.7311077 0.0877828 0.0901991 0.6702103
1541660333.604111 65.6066284 -3.1405950 7.6786995 -0.7309768 0.0878064 0.0901283 0.6703596
1541660333.637395 65.6083298 -3.1303871 7.6763368 -0.7312428 0.0876023 0.0900354 0.6701089
1541660333.670677 65.6079559 -3.1281662 7.6753058 -0.7305287 0.0880501 0.0900415 0.6708274
1541660333.703956 65.6079865 -3.1311018 7.6764879 -0.7312571 0.0877363 0.0901146 0.6700642
1541660333.737238 65.6078796 -3.1315446 7.6764936 -0.7309772 0.0878806 0.0901002 0.6703526
1541660333.770515 65.6079712 -3.1318011 7.6765079 -0.7310795 0.0878525 0.0900890 0.6702462
1541660333.803789 65.6079941 -3.1332836 7.6768022 -0.7312345 0.0878268 0.0900682 0.6700831
1541660333.837070 65.6079865 -3.1311224 7.6764398 -0.7312427 0.0878400 0.0902088 0.6700534
1541660333.870335 65.6081543 -3.1309063 7.6763697 -0.7311128 0.0877085 0.0901164 0.6702255
1541660333.903617 65.6083679 -3.1281886 7.6755643 -0.7309883 0.0879410 0.0901419 0.6703268
1541660333.936897 65.6080017 -3.1323037 7.6765609 -0.7310670 0.0879343 0.0901391 0.6702422
1541660333.970160 65.6080551 -3.1312025 7.6760645 -0.7305912 0.0881016 0.0900132 0.6707560
1541660334.003435 65.6080399 -3.1314876 7.6763120 -0.7309101 0.0880301 0.0901194 0.6704032
1541660334.036711 65.6082764 -3.1308408 7.6763682 -0.7312707 0.0876460 0.0899634 0.6700817
1541660334.069998 65.6080475 -3.1313829 7.6763277 -0.7311015 0.0878387 0.0900600 0.6702278
1541660334.103280 65.6078262 -3.1325350 7.6765208 -0.7310392 0.0879988 0.0900923 0.6702700
1541660334.136557 65.6081161 -3.1306605 7.6763525 -0.7312063 0.0877855 0.0902071 0.6701005
1541660334.169839 65.6078491 -3.1315622 7.6763496 -0.7311730 0.0879896 0.0902835 0.6700991
1541660334.203121 65.6081238 -3.1313739 7.6762919 -0.7310651 0.0878952 0.0900762 0.6702578
1541660334.236402 65.6082077 -3.1311994 7.6763253 -0.7310691 0.0878125 0.0900522 0.6702677
1541660334.269669 65.6080475 -3.1311238 7.6761794 -0.7310806 0.0879582 0.0899728 0.6702463
1541660334.302944 65.6080475 -3.1293721 7.6757216 -0.7310505 0.0878906 0.0900737 0.6702746
1541660334.336220 65.6078186 -3.1287913 7.6754670 -0.7309133 0.0880519 0.0901178 0.6703969
1541660334.369482 65.6079330 -3.1312971 7.6764274 -0.7311634 0.0878561 0.0902621 0.6701304
1541660334.402755 65.6080627 -3.1312318 7.6763072 -0.7312219 0.0878431 0.0900482 0.6700972
1541660334.436028 65.6078796 -3.1330683 7.6767836 -0.7312218 0.0878298 0.0900573 0.6700978
1541660334.469310 65.6086197 -3.1279073 7.6755576 -0.7313302 0.0878493 0.0899002 0.6699978
1541660334.502584 65.6080017 -3.1292222 7.6757131 -0.7312275 0.0879544 0.0901475 0.6700626
1541660334.535870 65.6080704 -3.1310663 7.6763926 -0.7312275 0.0877520 0.0901322 0.6700918
1541660334.569148 65.6077652 -3.1322877 7.6763921 -0.7308540 0.0881125 0.0901666 0.6704467
1541660334.602419 65.6081390 -3.1313591 7.6765356 -0.7313847 0.0877585 0.0902389 0.6699046
1541660334.635700 65.6080475 -3.1315694 7.6763687 -0.7311423 0.0879123 0.0901553 0.6701600
1541660334.668982 65.6081314 -3.1313281 7.6762748 -0.7311277 0.0878905 0.0900291 0.6701959
1541660334.702257 65.6081848 -3.1310396 7.6762733 -0.7310588 0.0878951 0.0900447 0.6702685
1541660334.735521 65.6084366 -3.1274712 7.6754551 -0.7310776 0.0877984 0.0899451 0.6702745
1541660334.768821 65.6081314 -3.1312151 7.6762705 -0.7309991 0.0879696 0.0900492 0.6703232
1541660334.802103 65.6081009 -3.1313453 7.6761656 -0.7309264 0.0879993 0.0899588 0.6704108
1541660334.835366 65.6075211 -3.1330683 7.6765752 -0.7310947 0.0878855 0.0899805 0.6702392
1541660334.868648 65.6078796 -3.1320431 7.6762500 -0.7307320 0.0880538 0.0901231 0.6705934
1541660334.901912 65.6081467 -3.1308072 7.6763687 -0.7311286 0.0876970 0.0900813 0.6702138
1541660334.935186 65.6078644 -3.1325998 7.6767006 -0.7309617 0.0879016 0.0900876 0.6703678
1541660334.968464 65.6078644 -3.1331217 7.6765714 -0.7308279 0.0880021 0.0898788 0.6705285
1541660335.001746 65.6079712 -3.1312270 7.6761975 -0.7309271 0.0879750 0.0900359 0.6704027
1541660335.035027 65.6078873 -3.1329861 7.6766005 -0.7309487 0.0878873 0.0900557 0.6703882
1541660335.068306 65.6080780 -3.1292634 7.6757579 -0.7310018 0.0878277 0.0900368 0.6703407
1541660335.101591 65.6076126 -3.1335075 7.6767197 -0.7309849 0.0878175 0.0899858 0.6703674
1541660335.134873 65.6080933 -3.1312091 7.6760850 -0.7309495 0.0879023 0.0897924 0.6704207
1541660335.168155 65.6079330 -3.1313512 7.6761303 -0.7308411 0.0879915 0.0899762 0.6705023
1541660335.201437 65.6078110 -3.1329691 7.6766634 -0.7310639 0.0878408 0.0900348 0.6702714
1541660335.234718 65.6079407 -3.1314211 7.6762409 -0.7310202 0.0879116 0.0900207 0.6703116
1541660335.267994 65.6081848 -3.1312430 7.6763291 -0.7311728 0.0877708 0.0900154 0.6701643
1541660335.301275 65.6080933 -3.1313565 7.6763630 -0.7310564 0.0878321 0.0901090 0.6702707
1541660335.334558 65.6076660 -3.1329494 7.6767783 -0.7312061 0.0877913 0.0900988 0.6701140
1541660335.367837 65.6079788 -3.1309934 7.6759753 -0.7309629 0.0881332 0.0898920 0.6703615
1541660335.401122 65.6080551 -3.1313500 7.6761780 -0.7308378 0.0880096 0.0900013 0.6705000
1541660335.434409 65.6080933 -3.1313972 7.6763287 -0.7310255 0.0877905 0.0900795 0.6703139
1541660335.467685 65.6079865 -3.1313877 7.6765366 -0.7311191 0.0878185 0.0903825 0.6701669
1541660335.500964 65.6081772 -3.1308329 7.6764736 -0.7312888 0.0876954 0.0902407 0.6700171
1541660335.534246 65.6081772 -3.1308546 7.6764398 -0.7311142 0.0877544 0.0902251 0.6702022
1541660335.567520 65.6080780 -3.1312363 7.6765652 -0.7311353 0.0877001 0.0903377 0.6701711
1541660335.600790 65.6080856 -3.1311498 7.6764245 -0.7310369 0.0877901 0.0902797 0.6702744
1541660335.634061 65.6081467 -3.1309764 7.6764503 -0.7312563 0.0877989 0.0902735 0.6700344
1541660335.667333 65.6081696 -3.1306248 7.6764121 -0.7311761 0.0877266 0.0902738 0.6701317
1541660335.700600 65.6079636 -3.1315010 7.6765327 -0.7310768 0.0877846 0.0903746 0.6702188
1541660335.733866 65.6081161 -3.1311400 7.6764650 -0.7311742 0.0877606 0.0902362 0.6701343
1541660335.767143 65.6080399 -3.1310024 7.6764278 -0.7311569 0.0877357 0.0901933 0.6701623
1541660335.800425 65.6082611 -3.1306579 7.6765127 -0.7312829 0.0876462 0.0902334 0.6700312
1541660335.833704 65.6082077 -3.1308982 7.6766243 -0.7311395 0.0875243 0.0903601 0.6701870
1541660335.866986 65.6079559 -3.1326728 7.6767492 -0.7310842 0.0877130 0.0901929 0.6702448
1541660335.900266 65.6079636 -3.1327400 7.6768498 -0.7310908 0.0877656 0.0902405 0.6702242
1541660335.933544 65.6082153 -3.1306698 7.6764016 -0.7311767 0.0876594 0.0902205 0.6701472
1541660335.966815 65.6081543 -3.1307535 7.6760983 -0.7308614 0.0878471 0.0898319 0.6705189
1541660336.000096 65.6080627 -3.1321983 7.6762147 -0.7309095 0.0878883 0.0895160 0.6705031
1541660336.033377 65.6076050 -3.1334887 7.6765289 -0.7310109 0.0877366 0.0894964 0.6704153
1541660336.066659 65.6079559 -3.1320014 7.6759019 -0.7312870 0.0877221 0.0891236 0.6701656
1541660336.099924 65.6075516 -3.1346776 7.6766329 -0.7312284 0.0878857 0.0894744 0.6701608
1541660336.133203 65.6080246 -3.1352835 7.6766787 -0.7307458 0.0880024 0.0895536 0.6706614
1541660336.166482 65.6087494 -3.1339035 7.6763725 -0.7306485 0.0880777 0.0893339 0.6707869
1541660336.199761 65.6090088 -3.1343729 7.6756573 -0.7306010 0.0876362 0.0887659 0.6709735
1541660336.233046 65.6091843 -3.1347053 7.6761141 -0.7309097 0.0865007 0.0884348 0.6708314
1541660336.266324 65.6098480 -3.1349826 7.6758280 -0.7308952 0.0852673 0.0867650 0.6712277
1541660336.299603 65.6097260 -3.1368794 7.6760335 -0.7314718 0.0848529 0.0866545 0.6706661
1541660336.332885 65.6106491 -3.1374757 7.6763387 -0.7314833 0.0852961 0.0866984 0.6705904
1541660336.366160 65.6099014 -3.1384914 7.6765580 -0.7310536 0.0864462 0.0880007 0.6707384
1541660336.399436 65.6108017 -3.1378856 7.6766891 -0.7310211 0.0868011 0.0885432 0.6706553
1541660336.465990 65.6089325 -3.1548517 7.6808510 -0.7312922 0.0868106 0.0893266 0.6702537
1541660336.499245 65.5976181 -3.2356160 7.7009482 -0.7301316 0.0875134 0.0896803 0.6713785
1541660336.532527 65.5958710 -3.2488356 7.7041678 -0.7302722 0.0881893 0.0899397 0.6711001
1541660336.565809 65.5908661 -3.2868102 7.7120113 -0.7292555 0.0893343 0.0913144 0.6718649
1541660336.599091 65.5788574 -3.3701708 7.7325912 -0.7275158 0.0907744 0.0922187 0.6734289
1541660336.632372 65.6010590 -3.3725531 7.6955223 -0.7279244 0.0913616 0.0908628 0.6730904
1541660336.665654 65.6029968 -3.4088573 7.6966028 -0.7275314 0.0916724 0.0901422 0.6735698
1541660336.698936 65.5985489 -3.4962182 7.7127695 -0.7266416 0.0920212 0.0899022 0.6745145
1541660336.732218 65.5914764 -3.5010147 7.7034850 -0.7257864 0.0927855 0.0893741 0.6753989
1541660336.765500 65.5908127 -3.5846655 7.7187572 -0.7241276 0.0942963 0.0898790 0.6768977
1541660336.832054 65.5864563 -3.6530643 7.7313719 -0.7230697 0.0974105 0.0920372 0.6772869
1541660336.865327 65.5880966 -3.6834905 7.7314992 -0.7219505 0.0986225 0.0920778 0.6782962
1541660336.898609 65.5906982 -3.7418115 7.7421584 -0.7218905 0.0989656 0.0933071 0.6781406
1541660336.931886 65.5891418 -3.7578969 7.7437668 -0.7219067 0.0994421 0.0937113 0.6779962
1541660336.998450 65.5838318 -3.8314633 7.7577553 -0.7208974 0.1023544 0.0960984 0.6782924
1541660337.031731 65.5790939 -3.8972769 7.7700505 -0.7188425 0.1055956 0.0977842 0.6797221
1541660337.065002 65.5752869 -3.9498374 7.7715425 -0.7181230 0.1097828 0.1013931 0.6792760
1541660337.098289 65.5638504 -4.0101099 7.7687573 -0.7176667 0.1147937 0.1049941 0.6783662
1541660337.131566 65.5870743 -4.0019903 7.7745833 -0.7159246 0.1166847 0.1065258 0.6796383
1541660337.164848 65.5993118 -4.0357537 7.7862248 -0.7152407 0.1197757 0.1089977 0.6794178
1541660337.198135 65.6527634 -3.9762211 7.8003159 -0.7171858 0.1183196 0.1110158 0.6772890
1541660337.231411 65.6609116 -3.9843671 7.8055282 -0.7171896 0.1209521 0.1144718 0.6762344
1541660337.264667 65.6732635 -3.9506567 7.8109598 -0.7171985 0.1231910 0.1182379 0.6751631
1541660337.297949 65.6684570 -3.9872644 7.8148603 -0.7161551 0.1287248 0.1233857 0.6742960
1541660337.331221 65.6699142 -4.0552206 7.8148870 -0.7149107 0.1350565 0.1284853 0.6734008
1541660337.364513 65.7005005 -4.0268283 7.8138862 -0.7135996 0.1377362 0.1304428 0.6738615
1541660337.397785 65.7130356 -4.0278234 7.8161168 -0.7123625 0.1413709 0.1337538 0.6737534
1541660337.431066 65.7227936 -4.0872202 7.8184047 -0.7112419 0.1453712 0.1364596 0.6735270
1541660337.464348 65.7381287 -4.0717149 7.8227706 -0.7109228 0.1469353 0.1384282 0.6731161
1541660337.497630 65.7438965 -4.0760603 7.8340688 -0.7116337 0.1489309 0.1422228 0.6711235
1541660337.530912 65.7691498 -4.0918903 7.8313479 -0.7096631 0.1513286 0.1433587 0.6724214
1541660337.564189 65.7896805 -4.1261692 7.8361440 -0.7085554 0.1540546 0.1454160 0.6725172
1541660337.597464 65.7969513 -4.1701794 7.8453364 -0.7081606 0.1570727 0.1480142 0.6716558
1541660337.630745 65.7994766 -4.1960497 7.8404422 -0.7067878 0.1595828 0.1497160 0.6721221
1541660337.664015 65.8147736 -4.2119961 7.8355217 -0.7066278 0.1605871 0.1505672 0.6718567
1541660337.697294 65.8361588 -4.2122970 7.8369603 -0.7060402 0.1599004 0.1510038 0.6725444
1541660337.730576 65.8430939 -4.2171006 7.8412728 -0.7062937 0.1592441 0.1514461 0.6723356
1541660337.763858 65.8633728 -4.2548013 7.8399153 -0.7062828 0.1593736 0.1497360 0.6727002
1541660337.797117 65.8682785 -4.2562909 7.8484526 -0.7070067 0.1588479 0.1495557 0.6721038
1541660337.830370 65.8683395 -4.2600756 7.8430867 -0.7060322 0.1594856 0.1483516 0.6732437
1541660337.863651 65.8796616 -4.2881923 7.8568811 -0.7069535 0.1583717 0.1484772 0.6725122
1541660337.896933 65.8825073 -4.2995520 7.8639250 -0.7070950 0.1575081 0.1482389 0.6726219
1541660337.930215 65.8870544 -4.2852750 7.8604207 -0.7073023 0.1564684 0.1474411 0.6728262
1541660337.963497 65.9062958 -4.3323059 7.8586316 -0.7078395 0.1568294 0.1475860 0.6721424
1541660337.996773 65.9116592 -4.3523741 7.8560839 -0.7076693 0.1577448 0.1477354 0.6720714
1541660338.030051 65.9243851 -4.3679256 7.8521810 -0.7076687 0.1585361 0.1478611 0.6718550
1541660338.063333 65.9288254 -4.3777304 7.8610892 -0.7082576 0.1579498 0.1492407 0.6710656
1541660338.096615 65.9430771 -4.3934460 7.8599262 -0.7083236 0.1583951 0.1483604 0.6710850
1541660338.129897 65.9511337 -4.4105854 7.8693800 -0.7077614 0.1577075 0.1485906 0.6717935
1541660338.163168 65.9604340 -4.4353967 7.8678689 -0.7084881 0.1578788 0.1482988 0.6710492
1541660338.196436 65.9755554 -4.4585137 7.8647861 -0.7084221 0.1576532 0.1473814 0.6713759
1541660338.229717 65.9812241 -4.4747567 7.8734536 -0.7084696 0.1571830 0.1478831 0.6713268
1541660338.262995 65.9947968 -4.4888368 7.8740377 -0.7078020 0.1571114 0.1471121 0.6722198
1541660338.296277 65.9943771 -4.5002494 7.8771105 -0.7084838 0.1569104 0.1481621 0.6713150
1541660338.329559 66.0164108 -4.5370984 7.8759394 -0.7078863 0.1574973 0.1484203 0.6717494
1541660338.362831 66.0162277 -4.5501351 7.8826981 -0.7075730 0.1578202 0.1502228 0.6716008
1541660338.396110 66.0315933 -4.5708985 7.8762302 -0.7074021 0.1582394 0.1502755 0.6716690
1541660338.429389 66.0332565 -4.5775619 7.8839602 -0.7070308 0.1576159 0.1515707 0.6719176
1541660338.462672 66.0340347 -4.6013932 7.8830881 -0.7067567 0.1585475 0.1519752 0.6718921
1541660338.495954 66.0406494 -4.6275167 7.8860588 -0.7070176 0.1589463 0.1511591 0.6717060
1541660338.529235 66.0597687 -4.6263628 7.8873248 -0.7069836 0.1577536 0.1479312 0.6727493
1541660338.562517 66.0437546 -4.6046243 7.8793559 -0.7083680 0.1577699 0.1475437 0.6713699
1541660338.595799 66.0493851 -4.6152530 7.8840475 -0.7086146 0.1563608 0.1480771 0.6713256
1541660338.662341 66.0718002 -4.6492949 7.8871212 -0.7087051 0.1558753 0.1481208 0.6713349
1541660338.695644 66.0766449 -4.6600380 7.8940725 -0.7084306 0.1558819 0.1483521 0.6715725
1541660338.728905 66.0916519 -4.6890459 7.8864894 -0.7085414 0.1565391 0.1482115 0.6713312
1541660338.762187 66.0980072 -4.7008805 7.8923082 -0.7080908 0.1560061 0.1488176 0.6717993
1541660338.795468 66.1098404 -4.7241845 7.8962026 -0.7084967 0.1556787 0.1498014 0.6712275
1541660338.828749 66.1231842 -4.7394385 7.8928905 -0.7082814 0.1560542 0.1492568 0.6714882
1541660338.862031 66.1285858 -4.7619076 7.8970914 -0.7078828 0.1565013 0.1494963 0.6717502
1541660338.895310 66.1359024 -4.7835784 7.9014535 -0.7079263 0.1562874 0.1497432 0.6716996
1541660338.928592 66.1490860 -4.8085213 7.8966832 -0.7082529 0.1561238 0.1492740 0.6714980
1541660338.961845 66.1623917 -4.8268490 7.8945317 -0.7081604 0.1557580 0.1481977 0.6719215
1541660338.995123 66.1757889 -4.8382554 7.8900142 -0.7087588 0.1553567 0.1469041 0.6716683
1541660339.028402 66.1712494 -4.8393202 7.8888330 -0.7094362 0.1548443 0.1470710 0.6710343
1541660339.061682 66.1726837 -4.8648081 7.9027019 -0.7089162 0.1549183 0.1485071 0.6712500
1541660339.094964 66.1833344 -4.8845711 7.9073319 -0.7084909 0.1548650 0.1486986 0.6716702
1541660339.128246 66.1967697 -4.9113393 7.9070387 -0.7086112 0.1552789 0.1487552 0.6714333
1541660339.161525 66.2089081 -4.9310060 7.9090543 -0.7082974 0.1553646 0.1488978 0.6717134
1541660339.194801 66.2230453 -4.9565825 7.9082794 -0.7080096 0.1554659 0.1487325 0.6720304
